image_width: 640
image_height: 480
camera_name: depth_PS1080_PrimeSense
camera_matrix:
  rows: 3
  cols: 3
  data: [518.5456978935134, 0, 322.6042427879159, 0, 520.531463471493, 249.2158577639161, 0, 0, 1]
distortion_model: plumb_bob
distortion_coefficients:
  rows: 1
  cols: 5
  data: [-0.08747860128286851, 0.02476709813071241, -0.002643859156275704, 0.0006913896742259362, 0]
rectification_matrix:
  rows: 3
  cols: 3
  data: [1, 0, 0, 0, 1, 0, 0, 0, 1]
projection_matrix:
  rows: 3
  cols: 4
  data: [501.4837341308594, 0, 322.7177406771589, 0, 0, 510.1603698730469, 248.084293843749, 0, 0, 0, 1, 0]